# PrusaSlicer, profile: 0.28mm DRAFT @COREONE HF0.4 - Copy / Prusa CORE One HF0.4 nozzle / Prusament PETG @COREONE HF0.4 + layer_height = 0.2;perimeters = 5;fill_density = 35%
# part	support moves	of them inside a hole	support grams	part grams	support grams in holes	hours
01_SEG_00L.stl	49347	0	8.3	306	0.00	9.71
02_SEG_00R.stl	24131	0	5.2	314	0.00	9.19
03_SEG_01L.stl	22411	6	3.2	258	0.00	7.70
04_SEG_01R.stl	23312	0	3.3	262	0.00	7.76
05_SEG_02L.stl	2546	0	0.4	502	0.00	13.35
06_SEG_02R.stl	63446	41	11.9	512	0.01	15.99
07_SEG_03L.stl	135787	0	19.7	783	0.00	26.32
08_SEG_03R.stl	86796	0	10.2	820	0.00	25.63
09_SEG_04L.stl	2581	0	0.3	695	0.00	18.32
10_SEG_04R.stl	0	0	0.0	710	0.00	18.62
11_SEG_05L.stl	5005	0	0.8	711	0.00	19.35
12_SEG_05R.stl	0	0	0.0	717	0.00	18.83
13_SEG_06L.stl	66952	0	9.4	976	0.00	28.02
14_SEG_06R.stl	32755	1089	7.3	978	0.24	27.54
15_SEG_07L.stl	2432	0	0.3	748	0.00	19.88
16_SEG_07R.stl	0	0	0.0	761	0.00	20.24
17_SEG_08L.stl	2212	0	0.3	395	0.00	10.46
18_SEG_08R.stl	0	0	0.0	398	0.00	10.53
19_SEG_09L.stl	5614	0	0.8	301	0.00	8.12
20_SEG_09R.stl	2775	0	0.4	325	0.00	8.50
21_SEG_10L.stl	10134	0	1.2	276	0.00	7.38
22_SEG_10R.stl	29752	80	3.8	321	0.01	9.56
23_SEG_11L.stl	35549	21	4.0	197	0.00	6.45
24_SEG_11R.stl	7286	0	1.8	249	0.00	6.48
25_SEG_12L.stl	11885	0	1.2	212	0.00	5.79
26_SEG_12R.stl	7047	0	1.4	237	0.00	6.07
27_SEG_13L.stl	2123	0	0.2	166	0.00	4.46
28_SEG_13R.stl	5712	0	1.2	172	0.00	4.44
29_SEG_14.stl	0	0	0.0	287	0.00	7.41
30_SEG_15.stl	0	0	0.0	320	0.00	8.32
31_SEG_16.stl	0	0	0.0	334	0.00	8.78
32_SEG_17.stl	0	0	0.0	358	0.00	9.51
33_SEG_18.stl	0	0	0.0	395	0.00	10.49
34_SEG_19L.stl	1301	0	0.3	227	0.00	6.10
35_SEG_19R.stl	1189	0	0.3	231	0.00	6.24
36_SEG_20L.stl	3115	34	0.6	171	0.01	4.71
37_SEG_20R.stl	10795	0	1.1	170	0.00	4.94
38_SEG_21L.stl	25738	0	3.1	189	0.00	5.89
39_SEG_21R.stl	24309	0	3.2	197	0.00	6.11
40_SEG_22L.stl	32624	0	4.0	198	0.00	6.44
41_SEG_22R.stl	28536	17	4.4	214	0.00	6.66
42_PIN.stl	0	0	0.0	11	0.00	0.23
