# PrusaSlicer, profile: 0.28mm DRAFT @COREONE HF0.4 - Copy / Prusa CORE One HF0.4 nozzle / Prusament PETG @COREONE HF0.4 + top_solid_layers = 6
# part	support moves	of them inside a hole	support grams	part grams	support grams in holes	hours
01_SEG_00L.stl	37476	0	6.4	201	0.00	4.64
02_SEG_00R.stl	19457	0	4.3	195	0.00	3.96
03_SEG_01L.stl	11597	17	1.8	147	0.00	2.88
04_SEG_01R.stl	13867	0	2.4	152	0.00	3.13
05_SEG_02L.stl	1915	0	0.3	250	0.00	3.91
06_SEG_02R.stl	28396	17	4.9	276	0.00	5.38
07_SEG_03L.stl	67173	0	9.0	392	0.00	8.97
08_SEG_03R.stl	79090	0	10.7	447	0.00	10.23
09_SEG_04L.stl	1786	0	0.3	344	0.00	5.23
10_SEG_04R.stl	0	0	0.0	351	0.00	5.19
11_SEG_05L.stl	3401	0	0.6	350	0.00	5.50
12_SEG_05R.stl	13030	111	2.7	362	0.02	5.99
13_SEG_06L.stl	46219	0	7.1	488	0.00	8.86
14_SEG_06R.stl	15668	1044	4.4	468	0.30	7.83
15_SEG_07L.stl	1829	0	0.3	368	0.00	5.56
16_SEG_07R.stl	0	0	0.0	370	0.00	5.53
17_SEG_08L.stl	1809	0	0.3	198	0.00	3.09
18_SEG_08R.stl	23551	41	3.6	225	0.01	4.28
19_SEG_09L.stl	4226	0	0.7	163	0.00	2.84
20_SEG_09R.stl	2087	0	0.3	176	0.00	2.85
21_SEG_10L.stl	5947	0	0.8	154	0.00	2.59
22_SEG_10R.stl	6893	0	1.7	173	0.00	2.86
23_SEG_11L.stl	22135	0	3.6	125	0.00	2.97
24_SEG_11R.stl	5008	0	1.6	141	0.00	2.33
25_SEG_12L.stl	4236	0	0.5	129	0.00	2.21
26_SEG_12R.stl	4670	0	1.1	147	0.00	2.42
27_SEG_13L.stl	1301	0	0.2	96	0.00	1.59
28_SEG_13R.stl	3455	0	0.8	104	0.00	1.80
29_SEG_14.stl	0	0	0.0	160	0.00	2.54
30_SEG_15.stl	0	0	0.0	167	0.00	2.59
31_SEG_16.stl	0	0	0.0	172	0.00	2.69
32_SEG_17.stl	0	0	0.0	182	0.00	2.84
33_SEG_18.stl	0	0	0.0	200	0.00	3.06
34_SEG_19L.stl	964	0	0.2	120	0.00	2.05
35_SEG_19R.stl	853	0	0.2	120	0.00	2.02
36_SEG_20L.stl	6661	0	0.7	102	0.00	2.15
37_SEG_20R.stl	5599	0	0.6	98	0.00	1.94
38_SEG_21L.stl	15134	0	2.1	119	0.00	2.83
39_SEG_21R.stl	14121	0	2.2	121	0.00	2.71
40_SEG_22L.stl	20738	0	2.9	134	0.00	3.19
41_SEG_22R.stl	24152	0	3.8	142	0.00	3.38
42_PIN.stl	126	0	0.0	10	0.00	0.17
